# sample of 1000 random values for normal distribution with mean=0 and std=1
0.35057247369182576
0.176227471184156
-1.2665164394146078
0.18244053741499902
0.4183948215077558
0.02868795884552108
-0.006766347838971271
-0.9284599971672157
-0.8707014033796941
0.4409578972396405
-0.787656034931872
-1.5400706415614431
0.14114331345489464
-0.2839264334251029
-1.9973082124834776
0.5970878227064347
-1.4133171500484183
0.8587240570328176
0.4634929373251021
0.37162784260605375
0.3927185025224435
-0.42669329596865513
-2.1370836606075083
1.0034185042099357
-1.4043266370550733
1.615905860939936
0.9689411164440541
-0.17090425137622667
-0.5440197757365174
0.07486442827422854
-0.053571550663056064
-1.6290774891450368
0.34267485623621846
-0.9815524170842571
0.8710755103373772
-1.1190457857489617
-1.223678591821821
-0.013008094008872836
0.8304824015470111
0.7028099295700814
-0.580596515716291
0.07905633310993676
0.6166520936696638
-1.8910560295099512
-0.8945382503192321
0.23373072636043135
0.37420752130417334
-0.9318269834714114
-0.8563615144887556
0.9017214742492576
0.13798818017756803
-1.0554811743693784
0.9715084254732982
-1.046627426010325
-0.22403748476211374
0.579189621697014
-0.9745651821581577
-0.024027756549631917
1.1680558915145238
0.4549722936807759
1.253109062234498
1.2188738320694839
-0.6301561536521972
-0.9855232564668482
-0.3571922917342378
-1.0862969861444778
-0.8180958150224993
1.0157786685012338
-0.7499013872503881
-1.053969387237462
1.141126684720286
0.10128718879891892
-0.12692999199095334
-0.5701198477261445
-1.386239657461988
-0.5482927448099509
0.516247438260435
-0.332262136075397
1.0014934254121655
-1.5249855354542652
-0.2661590142795702
1.0757726988823566
-1.1439980221753963
-0.4127440442611027
-0.5962319317670457
0.5874457563063991
0.2792940560881429
1.3351818706241458
0.299928882087628
0.17300173661500418
-0.06944802394260981
0.6554209107827272
-1.6481812120513697
0.41814415046621567
0.7502951936620362
0.5009976401614709
-1.0019975700584944
-2.033711775572863
0.7092451359837063
0.8347666284211005
-0.9576763983773728
0.7799883525167084
0.36715196222218155
-0.7679021590978423
-0.34461699982137745
-1.485283136093396
1.5433769071884185
0.09985124147120389
-0.7811916108085792
0.6050893136002399
0.9095659536430685
1.180528672854369
0.8429104163573755
0.4698399859288032
1.724355313576889
1.6427787611803222
-0.34593518821324315
1.078723681271439
1.4511676526676303
1.2088371486067429
-0.2211326164138419
0.003529697094536784
-0.10902422170301877
-0.5677200865115376
0.9049234823725889
2.653920894464074
-0.17339400706727984
-0.395068371441928
-0.8850111209023813
0.3103968972611944
-0.02055732396046024
0.8736276236704875
-0.5282776717296984
-0.3460033855693938
0.9400104017131445
1.5966772393248911
-0.023314654336917963
-2.681530782913358
-1.1988067495504988
0.6161156221658197
-0.23980379643321076
0.9511272855610532
-1.1877839473302243
-1.1420784012305423
1.0933367830186462
0.6397457691212636
-0.9438972797510932
0.14662164519365728
0.8406200086914671
0.3270395976204432
0.6325323307473707
-1.5981179467780755
0.5457877128399006
1.1296012708263887
0.8827329179107513
-0.7705994585385064
-0.4990220156858074
-0.6285962231192819
1.5454423506163284
0.2575593784947167
-0.14257295547297122
0.054283946979704595
-0.16540578833871927
-0.18236232893928966
1.487910014740863
0.2931012724879345
0.5158490296708662
-0.05022661277985369
0.2479089677019508
-0.9224282487343133
-1.8802829719800813
-0.671050436055534
0.6462928456651295
0.4875825576343577
-1.0014155385890477
0.2377415156930503
0.35057318427080625
-2.233818095214405
-0.4540777696128782
-1.6466545782975086
-0.24318350064972805
0.3550118761779912
0.8250689396612059
1.668237047204363
0.30694284814965905
-0.052362876258374276
0.6454269226083671
-1.517903061368478
0.122596740401
1.4520986346839158
-0.9383554960588444
1.1141440031570877
-1.5483665719857809
-1.4055270381787297
0.1942218651330441
-0.46294578114626855
0.08351750002385021
1.3933481893492121
0.590430631084285
0.08589647741249933
-0.9887028583289835
-0.30345566143775854
1.6775803872378874
-0.1766266346860359
-0.014609766640768844
0.26614249944740836
-1.0725079161899642
0.39099569990755867
0.016205661498650523
-2.4299246980666243
-0.7643888134192841
1.3048280869389108
-0.6432237919223924
0.42095812165782137
2.012870271106889
-0.5607636385135514
0.02542819966312258
0.13945479841855943
0.8122739707288738
-0.11026776044453405
-0.5542348462748169
1.2410282253063174
-0.9738635942297642
1.031195095259773
1.2872736723539964
-1.581372172105061
-1.190701790878179
-0.619590583117469
1.4470098620998422
-2.15050316676875
-1.8053370136626028
0.8477920076485707
-0.36203186073706467
2.8675140055560124
1.8374769913558504
-1.0552856767737941
-1.813617101364079
-1.1330592724626871
0.3851007765348883
1.0046650097636283
0.2821818555441768
0.4245056880939129
0.3065921244256334
-1.811184366340298
-0.8102634663513217
-0.17751040157552797
-0.8712475843203543
-1.2992306532904105
-0.0696462627985941
-1.3388427934270404
-1.154777910869742
1.6665761340186716
1.5898757133640473
0.9247994348803872
-1.0737260176198424
0.41268363542053155
-0.35260835528323675
-0.500744708358335
-1.6092052491700892
-0.10812302060551285
-0.042669045161635076
-0.6819532371522651
1.770660781785278
-0.5397569578545335
0.612540285293103
-0.46431482182450445
-1.8320297142297206
0.8528399770368082
-0.7106082130015605
1.7493431266024424
-1.091480849004472
0.31245889434027635
-2.067694957295538
0.031475953343308855
-0.24293721703350543
1.0405312829004696
-0.7816289650997246
1.0896062100667125
1.2658794688035018
-2.0231239301619173
1.029649207350516
0.40313357216282975
-1.350867201030443
1.1928203735536813
-1.1545354805917738
1.2542571893902503
0.5639650128299405
-0.8851267814376146
-0.02663026527090619
1.22250316838179
-0.48680505049586764
-0.04210249435628633
0.60548785351297
0.45423441913990337
0.8954751547052682
-2.200738454473383
-0.19267080787977162
0.9044562935050384
0.5029519109150277
-0.3277498090770729
-0.018393635561396962
-0.6119054105356416
0.940859873721966
0.2152304406276339
0.1857236407254807
0.4688216025540112
0.9641863368718421
0.28387784379830316
-0.12122030588856644
-0.2052561813045659
-1.6872321759293543
-0.10362521773389542
0.143399861415005
1.1369002891083477
-0.1391775210654852
-2.1468039803243832
0.43885671515713237
-0.496885707033762
-0.6910852288515451
-0.5565559738823179
1.3449955886826417
-1.38778633838366
0.22555971660420202
-0.3561828730162273
-1.3941160648407454
-0.8833948534924451
-0.5432969323475351
-1.018214452066572
-0.1765016585284615
-0.05850941154969959
0.5430853386952116
0.14821175072264112
-0.9562451997068891
-1.9212751012515246
-0.2701803906172426
0.021538503263781945
0.3539998269613997
0.20755502860628477
-0.5435214291983341
0.2428479891470272
0.36807609562486754
-0.1518585864848891
-0.3694202196004584
-0.47508996678353466
0.18338882466021364
1.2347867234937868
-1.0207244773617592
-0.4003236653854749
0.3943356742512545
0.5869722601245269
0.17363887871258293
-0.2271419698942327
0.617783458612539
-1.2268728064017111
0.4455740318965642
-0.3918600905722299
-1.226190157216823
1.1504121425214615
-1.0798724266266964
1.3761995366341089
-0.34252047444221434
2.3063915350606634
0.9446625040470036
0.13189949047469732
0.1583987806159839
0.4214393115754866
0.8594517586812008
0.3997257733831279
0.9431300335096237
0.7350872818941332
-1.1421435295140712
0.4494113370745391
0.46628539209785014
-0.3141478790493677
-0.6235555449686956
1.3510628056201475
-1.3002522750836314
0.3516108821151396
-0.15224669064793855
0.4132699628691847
-0.27011964942700684
0.9387261532972512
-1.6184590510485979
0.35085111634202537
-0.45938587853715607
1.6859039111018612
0.22675549665577152
-0.04992071940047871
-0.5757491282706342
0.09503325378415105
-1.248278427779758
1.479414502960165
0.1513359875742687
0.09961130310685273
-0.2505695874124487
-0.1611272818371341
-1.1760759055845935
1.2250034437585469
-1.1251363734726831
-1.504014701164597
1.1100203892292109
-0.12096630748662714
-0.6213436543086137
2.348462456587866
1.2701698371406007
1.2356646272118748
0.36236683107993
1.139024866884718
-0.10693872961701692
-0.04889781774323595
-1.006101006176615
1.6570167773165188
-0.2793894341373479
-1.02806237685255
0.037586330409289805
-0.7198962328562033
0.4995733796207432
-0.20147630240328177
0.3207196082238793
1.1427129577595605
0.32627109969132995
-0.09438846445362685
0.8171196431661969
-1.933190926224976
-1.1305731670989998
-0.9583138300320986
-0.17582115836888648
1.154370114355841
1.6676329290337162
0.3466336519243689
0.7512323910113308
0.6798051161908384
-1.161459732160098
-1.0807857578410676
1.005567247915752
1.9430848166324168
0.9571055057977813
-0.9176932586261429
-0.7218224519799682
0.8174944728124781
0.1441806612804123
0.9490392027756034
-1.8753982569430236
1.1759889774165364
0.43490098827482915
1.6348011987544833
-0.5951198018056738
-1.9396206741090876
-0.7673035684410121
1.0157657965305245
0.8185061139562214
-1.7564555482593445
0.3217777126617221
-0.053507809227422175
-0.08795539639570935
0.44776606468725955
0.029082358174574677
-0.4184622136259047
2.3275877277658767
-0.8060995473426205
-0.6974848518368009
-1.2961100902983271
-0.5184447136714343
2.0799574745655045
0.2963106915176423
-0.7293652398483745
1.1275444544292412
-0.16878545989277693
-0.7064231983455748
-1.4240709707802244
-0.5014416102294201
0.12094382367529659
-0.10338223219664444
-1.4016920813342504
-0.9885357861319657
-0.6606144457475999
-1.1228358144723911
0.6892566131327335
-0.6755865915941762
1.679301266354869
1.0079354885491845
-0.23183811623291026
-0.8220265051869248
-1.3344411171735822
-0.6166543418062899
1.787158594751288
-0.5398332148763569
-0.07733829191099786
0.4814974893580184
-0.4969351288870414
-0.8720597605383256
-1.830263034892035
-0.7490751507612815
0.9955846376313368
0.46811201584826273
-0.7555202906187957
-0.21919391887185294
0.34359544582831336
-1.8443492083077373
0.5759693910496102
0.2853206988289565
0.9145524846696207
-0.46184211928993535
1.485748622364824
-0.22723951797432357
0.6629196022618346
0.06571421117472531
0.6918981868157998
1.4000932633397003
-0.4087832548004015
0.874036447627279
0.3743897165425534
2.2889734646581954
0.8459894422156742
0.07912279871544083
0.3360351637849692
0.029026573668746676
0.5944385354426892
1.150832805991763
-0.326971501340341
-0.7716699174977313
-1.1920047310766173
-0.7127583380572776
-2.2048542448434647
0.10317209792994142
0.10787613933764742
-0.06592091475429378
0.657826305406887
-0.12176090706604886
-1.7344625570774725
0.10733973397650619
0.7999201133890782
0.7885928637182207
-1.4511285237745961
0.3341536110498604
-1.3589529053922633
1.2611905122073026
-0.3817800039787394
-1.6888221983610445
1.0141059520788565
0.1029650138143117
-0.6272908090134094
-1.5959849789605685
0.3666409084660148
2.022081154114693
0.5661876145443588
0.2523919190332106
0.7232607331305544
0.4295917243604759
1.3493838908030296
-0.46252598998290173
-1.4527712692993
1.0287748187162276
-1.234106730500652
0.32539297212124396
1.2587390198353774
1.777282540152886
0.17922954970307203
-0.8570541425832091
0.010014988600638037
-0.9083132502042528
0.3437354293191533
-0.8881820158602785
-1.0669362746864617
-0.2554045565315756
-0.33677665833265485
-0.6887503942571517
-1.3759619377263705
1.4057034443542138
-0.6485119557907963
-1.1937433962787043
0.5217213426217993
0.9009874560063876
1.3689410449755213
-1.1402920001358336
0.5505947290653039
0.18211860291260162
-1.0574702933824172
-0.957574173386912
1.209796611765389
0.6273503609718522
-1.8646855216660971
2.1237517899827068
-0.4218973860141028
-0.6791447571872355
0.6719101704526403
-1.364723182654474
1.4892084849333116
-0.10300951777053287
-2.1430863250805876
-1.5046477026396157
0.46971013855062027
0.9665592665241755
0.5528809676924504
-0.570661050988756
0.7055455779975686
-1.675191407451321
-0.043195956411317224
-0.5182722494088915
-0.5487487055354392
1.2236198656557424
1.1774799080978686
0.3497032309942053
-0.732213853423709
0.23017710999560037
0.8075701588647607
-0.7206732958373434
0.21390468371149804
-0.17310126991462807
0.6692379557664923
0.6339398850609594
-1.4097920282363443
-0.25895991959699827
2.8973595383246864
-1.2362230321163818
0.9881467967620872
0.3787903501740555
-1.006310586434604
-0.5675893268595448
0.6915217172995926
-1.6093751762090658
1.6699383936293024
2.1717401152359175
0.7350528622861264
0.3225140810867518
-1.642903829118141
-0.13561969366603505
0.9180070624934112
1.7372753329977053
1.0248404102467652
1.1947648482375217
0.38149711575589595
-0.061514757120836504
-0.9111535886298876
0.26229397715732244
0.34716064984455874
-0.5726366747927308
0.19321309756441796
0.04806319877817987
0.5557299004459957
-0.6633496684578557
0.5215936871512643
-0.07024271647616058
0.21759718404880118
0.07516525903163498
1.197576520455552
0.06050337400761868
-2.319652066032061
1.2864487354465466
-0.67906871094037
0.4984354310636525
1.7137398616215185
1.2696915824625628
-0.7021510866933176
-0.6634729684336318
1.0391827119984658
-0.31882977551478564
-0.3698558259532628
-0.5722554286658464
-1.3047750604723705
-1.7971339206326047
-0.560591296020076
1.5431964251795454
-0.8928602183097706
-1.5275628649268835
-0.2833427303231406
-0.3028731721830182
-0.2735405307016234
2.5578839043657826
-0.20703620771018755
2.4334489314521885
-1.3277351181003514
-0.4510197105441267
-0.15585487850697258
0.18182029050624396
-0.20128084322591716
0.06416466160314374
0.2972341848461986
-0.4525889688467193
-1.2998931300402556
-1.941951767728502
0.4407769893037654
2.0948259556726905
-0.7007207768225824
-1.2065029842963448
1.416740864511842
-0.12589803723576337
-1.0342305560296239
-0.19089802361233676
-2.2601905606824326
-0.30551913596288793
-0.31788052195625105
-0.0725261622883069
0.3014041006889988
0.17363875781390153
0.1395995225103462
-0.10738941277087048
1.354216636137593
0.5988518256384144
0.16051922387533107
-0.9071650084583531
0.4524820145334627
0.555424094595537
0.4464950582575498
0.9437291832913139
-1.346955410241587
-0.10519225198835135
-1.5380090180165513
1.2451874754965961
0.6073001523253163
0.6803872101543847
-0.9423761902136347
-1.0163486128682548
1.0445513645913145
0.6878105036084893
-0.5373698537032957
0.3383431443368108
0.7428668314705887
0.27103430184540045
0.11423328081971872
-1.5930894358019239
-0.36639550521217024
0.4918813661321103
0.10222453904691493
-0.8213793245020955
-0.45281673811254586
1.0666852406681497
0.8427534973825793
-1.0362871361559558
-0.04714619026906446
0.9176004045666745
0.041623430105246946
-2.5406599848951323
-0.05088835714732455
0.3088671567609243
0.14977292427978028
-0.1685019529398211
1.1028963260709144
-0.33193403158883583
0.5706941475955272
1.6735509361910121
-0.686996785451602
2.013777683110486
-0.3024821338424179
-0.11235799988593459
0.3882630612648888
0.9375133672500562
-1.1177535741746152
0.01384339602891918
1.0027538257607886
2.1027840023894924
0.41455756951374717
1.2385958681041018
-0.216499700778598
1.0701252536740056
0.3423076457354513
0.08496327232516375
-1.5110099645908723
0.6012775524307187
-1.5930163581727725
-0.9575582496842191
1.7958772182294318
0.00916449162566219
1.6881901756720468
0.692094953700324
0.9569195010338339
-0.7397167562837524
-1.6510856465528612
-0.5164359586717621
2.288307794208516
-0.16926132777537
1.6767689402445958
1.6795661413841907
-0.1486988214341495
-0.10371796083809766
-0.7616588848079783
-1.7200956338472575
0.5035161154015088
-0.5948698273919016
-0.3538780425065444
2.208591967319303
1.0562256987781624
0.6011103906787297
1.2872677616650219
0.04821514714609692
0.5150841536773125
0.3526271330699553
0.41650537043220237
-0.9280605229852624
0.5325576487746737
0.3150814812521319
0.582845897194705
1.2927402701459871
0.33237541827420797
0.5639893320194919
0.5868585602026842
0.6438854286944616
0.25403227987991006
-0.38120498511653744
-0.18712138694622066
-2.3904630807245333
-1.6690619205260817
-1.2386325297427725
1.8643142256754646
0.24024244859560506
-0.4909325745349544
-2.0499240963085024
0.5047565617714349
0.26523993711810967
0.6926154521784404
-0.4357076303543405
-0.45089366724575347
-1.1026341198836789
-0.6791047954652111
-1.0087183180241788
-0.7704821856684472
-0.9620271277206763
0.5761936669093193
1.1779872002539231
-1.2892838920328678
0.04330925421871184
-0.804035629780843
0.9833864120942133
-0.4743515837020274
0.9031563105376788
1.3838928594669848
-0.09823168777604345
-0.03718449051636066
-1.4397335240671632
-1.1496997941834757
0.7544382234840643
-0.015782017971004824
-0.19397839244440948
0.16225691200771522
0.9716971304566552
0.12295016931741348
1.626964950044611
1.5009001171723568
-0.22435317966831259
1.2048820002033493
-1.1507656595750557
-0.25517529437281644
0.37993940449216096
0.3664039809480536
-0.6689381921074388
0.2988553105619153
0.44270139007734133
-1.246668629247425
-0.8714817404051476
-1.365945556047237
-0.3576423585051768
-0.6259156777591136
1.7964297735964347
0.6212129781623117
-0.685576701571372
0.4311980217292241
1.5199194473647293
1.2419163349660318
-0.617033292194673
-0.10780115786268711
1.284213406516945
-0.1403144232319768
-0.1552211935932763
1.2453215713216526
0.7888881344019341
-1.0482822962108265
0.5104194588907509
-0.23388828052500063
0.3137861705676694
0.36059457182732874
-1.4054071789626916
-0.4690989390277626
-0.48303147104021904
0.7623747493499485
0.2438998117405166
-0.4758139153119637
0.4650093363955953
-0.5051086637677796
-0.4542206615392218
0.10418864085543582
-0.8090635899069145
-0.18260536920574638
0.9552313528400584
-0.16114713204511685
-0.7073621138622445
0.3369333498052092
0.5561321615694284
0.18832871376666058
-0.7535250211572585
0.3560482237197611
0.6925854428929077
-0.6652855443331503
2.424274130994854
-0.24396179055021244
-1.8056760792979465
-0.1293928235952969
-1.1239853419850598
0.4389294718406099
-0.23132816122604893
-0.6402221491207204
-0.2744832948000666
1.317698912465139
0.3990405620505801
-2.3974531695158827
-0.9000464542132345
-0.7270865755653716
-0.2737339791498951
-0.35760269272579814
-0.01975084037426126
-0.2990777323583864
0.42578415336048375
-0.8591073470459741
0.47224723763537607
-1.2609691760692303
-0.3467437703114378
1.38260956394155
-0.5544174116996361
1.2683951869223944
-0.22083220846616688
0.1456279879381896
-2.029117605341206
-0.9097364933761406
-1.0715093417681092
0.7046122274036914
-1.3207947094510661
1.457968737271211
-0.21842738460500083
-0.45219268437965576
-0.035538266518843606
-0.24725938048098975
0.8515157561328385
0.4123113150424298
-0.7923821420846427
0.23723675788250811
0.9252319846335616
-0.26934944823669454
0.032270856453362674
1.1241724040615546
-0.6554764439531445
-0.11183375503430079
-0.2697556140432865
-0.17782629510466383
-0.5950896204904866
-1.447912225720711
-0.4460145063527672
-0.26278143726088254
-1.5414671750923095
-0.9193358545300798
-0.30378024342199017
-0.04155129373532643
-0.0822439962006621
-1.6021606311766825
0.223365067447087
0.9943219511134482
-0.7437905094848775
-1.519522092009627
-0.73154629728719
-0.566842418887782
-0.4270599195120664
0.5709299859601954
0.09559301871681951
-0.06058252335071965
-0.9465115344974652
0.3206736683947623
-1.1100612313340672
0.49291801843989863
0.5599209056470822
-0.18021878290283136
1.2683975104511322
-0.2997713353181719
0.7083014348331952
-0.9131378444702221
0.2532352411985476
0.06174902634142384
1.4603604310660825
-0.0388901779394459
-0.7033114342757739
1.1222877356155108
0.036921091023596586
-0.8331144102206769
-0.4558232916307515
-1.5852064042650056
-0.30451652579813066
0.704253739710164
-1.258336882494626
-0.8536303059626849
-1.1066735362159086
0.5638768330754684
-0.04820563849070865
0.639381007746008
-0.3240925036664662
-0.7024230517151769
1.6265288387257828
-0.9257809513701946
-0.10628336507477427
-0.8502592665311993
1.144472739594803
-0.4558898788988721
0.8257854914033702
-0.6233522825679496
